% Corn TMEn sample data (n=30)
info=[...
1	9.94	3.81	4.10	1.50	3790.43
2	9.63	3.86	4.13	1.51	3796.48
3	10.00	3.90	4.19	1.53	3790.35
4	9.75	3.83	4.16	1.55	3768.83
5	10.00	3.46	3.59	1.88	3810.96
6	10.25	3.49	3.63	1.91	3775.13
7	10.13	3.52	3.67	1.99	3750.93
8	10.38	3.54	3.71	1.97	3747.94
9	9.00	3.22	3.88	1.36	3908.10
10	9.19	3.20	3.92	1.37	3877.69
11	9.13	3.27	3.96	1.44	3865.20
12	8.94	3.29	3.85	1.42	3849.23
13	9.50	3.31	3.91	1.31	3893.15
14	9.69	3.29	4.04	1.35	3856.56
15	9.38	3.38	4.00	1.34	3849.91
16	9.88	3.36	3.96	1.36	3872.79
17	9.38	3.40	3.57	2.00	3654.39
18	9.13	3.43	3.66	1.94	3664.76
19	8.88	3.38	3.55	2.02	3637.79
20	9.25	3.46	3.62	2.09	3607.73
21	8.50	3.14	3.92	1.27	3880.85
22	8.88	3.23	4.03	1.32	3843.74
23	8.69	3.16	3.95	1.27	3812.65
24	8.38	3.18	3.99	1.30	3796.47
25	7.88	3.19	3.58	1.24	3730.44
26	8.13	3.26	3.64	1.19	3699.86
27	8.50	3.28	3.61	1.16	3711.97
28	8.38	3.24	3.69	1.22	3724.62
29	9.00	2.79	3.76	1.30	3795.85
30	9.25	2.82	3.84	1.39	3774.42];